P3
12 16
255
#Mario annees 80
255 255 255	255 255 255	255 255 255	255 0 0		255 0 0		255 0 0		255 0 0		255 0 0		255 255 255	255 255 255	255 255 255	255 255 255
255 255 255	255 255 255	255 0 0		255 0 0		255 0 0		255 0 0		255 0 0		255 0 0		255 0 0		255 0 0		255 0 0		255 255 255
255 255 255	255 255 255	102 51 0	102 51 0	102 51 0	255 238 165	255 238 165	0 0 0		255 238 165	255 255 255	255 255 255	255 255 255
255 255 255	102 51 0	255 238 165	102 51 0	255 238 165	255 238 165	255 238 165	0 0 0		255 238 165	255 238 165	255 238 165	255 255 255
255 255 255	102 51 0	255 238 165	102 51 0	102 51 0	255 238 165	255 238 165	255 238 165	0 0 0		255 238 165	255 238 165	255 238 165
255 255 255	102 51 0	102 51 0	255 238 165	255 238 165	255 238 165	255 238 165	0 0 0		0 0 0		0 0 0		0 0 0		255 255 255
255 255 255	255 255 255	255 255 255	255 238 165	255 238 165	255 238 165	255 238 165	255 238 165	255 238 165	255 238 165	255 255 255	255 255 255
255 255 255	255 255 255	0 0 255		0 0 255		255 0 0		0 0 255		0 0 255		255 0 0		0 0 255		0 0 255		255 255 255	255 255 255
255 255 255	0 0 255		0 0 255		0 0 255		255 0 0		0 0 255		0 0 255		255 0 0		0 0 255		0 0 255		0 0 255		255 255 255
0 0 255		0 0 255		0 0 255		0 0 255		255 0 0		255 0 0		255 0 0		255 0 0		0 0 255		0 0 255		0 0 255		0 0 255















